NbChain: 10
Gamma: 0
1 20 120.23 40.77 91.56 31.63 15.77 61.56 113.61 84.40 157.35 1.47 96.52 183.07 187.91 124.55 134.66 185.92 151.60 186.59 3.75 11.05 101.03 179.48 92.24 106.35 190.77 116.36 49.68 29.97 176.94 183.02 68.67 80.74 58.91 113.99 162.14 168.74 31.75 150.89 168.91 63.16
2 20 81.42 53.40 174.04 160.15 157.50 100.03 151.23 124.33 0.41 119.22 148.35 113.78 162.05 13.14 2.21 112.38 50.63 102.87 190.13 58.49 35.91 17.62 84.85 139.70 67.69 195.89 95.61 49.41 7.24 109.15 36.69 31.36 144.97 163.16 84.52 113.84 138.51 4.20 153.60 71.28
3 20 74.66 77.13 139.90 22.21 59.57 137.59 151.65 35.01 157.67 6.00 68.58 11.85 162.84 177.97 120.40 43.23 33.07 172.68 108.75 181.37 58.31 189.29 8.37 62.97 84.02 142.36 64.50 117.95 164.79 76.13 49.63 175.17 88.18 14.13 42.61 110.31 117.62 53.96 78.90 136.00
4 20 138.96 70.48 193.34 197.09 80.94 120.16 189.23 153.27 153.90 59.24 175.21 88.71 197.99 101.31 143.96 119.84 74.04 115.80 119.23 46.63 112.71 151.45 158.03 80.07 114.26 18.10 14.44 122.67 158.00 101.60 40.65 15.28 82.43 17.51 159.04 121.11 120.15 187.62 87.23 58.56
5 20 48.38 78.06 12.49 109.86 74.66 196.83 56.96 107.12 142.29 119.52 55.23 119.61 62.59 81.44 171.71 173.73 135.33 8.75 182.89 84.09 85.32 43.08 119.20 30.06 3.48 49.20 170.92 91.43 61.24 193.13 153.70 84.60 33.10 189.93 73.18 155.19 126.53 36.45 18.73 121.30
6 20 171.87 76.14 102.19 99.59 71.93 53.88 41.36 123.25 47.39 18.37 173.92 75.75 151.00 36.81 45.05 39.10 87.90 145.40 179.85 173.74 176.95 58.24 47.60 44.14 74.26 87.00 149.52 111.49 181.06 80.72 18.47 67.11 165.91 82.19 116.14 159.93 76.68 136.58 61.03 89.05
7 20 134.43 180.51 185.49 113.02 133.56 10.31 63.44 94.55 172.50 86.66 37.86 54.62 34.86 82.12 193.46 153.60 155.54 184.18 172.91 75.49 87.73 130.37 10.52 73.42 4.25 74.45 112.67 1.36 18.57 159.26 135.24 166.75 103.27 110.20 148.90 118.91 151.87 115.98 194.03 101.58
8 20 126.48 93.85 17.98 25.27 83.82 42.49 8.12 121.29 91.61 81.64 124.48 146.64 170.60 81.63 164.24 41.97 107.23 78.83 87.82 71.58 115.76 2.62 173.21 169.23 94.23 71.81 188.72 139.84 120.71 190.06 76.23 127.18 68.68 62.09 68.38 142.66 160.89 105.29 47.47 2.87
9 20 71.72 168.46 76.64 26.64 163.03 125.79 14.04 38.19 22.53 58.25 172.01 89.90 123.10 114.30 97.86 155.34 174.05 106.94 106.56 184.57 84.83 13.19 42.70 97.45 70.75 133.03 48.95 54.80 79.57 64.61 92.05 39.99 152.89 70.57 24.63 38.25 191.23 190.13 114.03 159.60
10 20 148.59 124.84 188.78 21.03 71.53 198.50 16.00 122.72 23.39 134.68 192.43 103.24 180.39 166.79 61.02 172.54 105.07 132.95 169.24 100.60 44.37 47.70 68.63 73.10 12.42 14.53 182.44 107.32 152.94 188.07 40.75 18.49 151.10 198.71 79.15 78.29 165.01 117.30 16.34 17.69
